5-NN, 100 typical exampls, accuracy:0.7640852974186307
[[8139   49  143  232   43   58   54   66   14  112]
 [   3  984    0    3    0    0    0    0    0    0]
 [ 400    7  513   49   11    1    6    2    0    1]
 [ 440    6   63  408   17    5   33    0   11    7]
 [ 217   52   58  129  518    0    6    0    0   10]
 [  22    0   14   42    0  910    0    0    0    2]
 [  64    8   22  214    5    6  660    0    1   10]
 [ 529    0   38   39    4    4    0  372    0    4]
 [ 274    1   85  387    9   31   66    0  130    7]
 [   4    0    0    0    0    4    0    0    0  982]]
              precision    recall  f1-score   support

           0       0.81      0.91      0.86      8910
           1       0.89      0.99      0.94       990
           2       0.55      0.52      0.53       990
           3       0.27      0.41      0.33       990
           4       0.85      0.52      0.65       990
           5       0.89      0.92      0.91       990
           6       0.80      0.67      0.73       990
           7       0.85      0.38      0.52       990
           8       0.83      0.13      0.23       990
           9       0.87      0.99      0.92       990

    accuracy                           0.76     17820
   macro avg       0.76      0.64      0.66     17820
weighted avg       0.78      0.76      0.75     17820

***********************************
