5-NN, 100 typical exampls, accuracy:0.7473456790123457
[[7220  112  163  153  129   21   63  102   47   90]
 [  14  886    0    0    0    0    0    0    0    0]
 [ 304   14  501   27    6    5   15   26    2    0]
 [ 507    9   59  171   37   19   32   30   33    3]
 [ 388   53   10   40  390    3    3    6    2    5]
 [  31    0    4    1    0  862    0    2    0    0]
 [ 152    1    6   46   26    7  652    4    6    0]
 [ 550    0    9   30    5    2    1  297    4    2]
 [ 314    3   48  106   27   14   95   14  279    0]
 [  38    0    7    5    0    0    0    1    0  849]]
              precision    recall  f1-score   support

           0       0.76      0.89      0.82      8100
           1       0.82      0.98      0.90       900
           2       0.62      0.56      0.59       900
           3       0.30      0.19      0.23       900
           4       0.63      0.43      0.51       900
           5       0.92      0.96      0.94       900
           6       0.76      0.72      0.74       900
           7       0.62      0.33      0.43       900
           8       0.75      0.31      0.44       900
           9       0.89      0.94      0.92       900

    accuracy                           0.75     16200
   macro avg       0.71      0.63      0.65     16200
weighted avg       0.73      0.75      0.73     16200

***********************************
